    9,    9, 2010,    8,   21,    9, -21,951 -68,820 118,800   3,200   1,000    ,000   7,000
    9,    9, 2010,    5,    3,   44, -21,774 -68,562 133,700   3,400   1,000    ,000   7,000
    9,    9, 2010,    3,   27,   54, -36,986 -74,397  28,800   6,000   1,000    ,000   7,000
    8,    9, 2010,   21,   57,   58, -21,665 -68,590 123,900   3,300   1,000    ,000   7,000
    8,    9, 2010,   20,    3,   50, -34,839 -72,370   5,000   3,000   1,000    ,000   7,000
    8,    9, 2010,   15,   22,   55, -22,583 -68,000 185,400   3,200   1,000    ,000   7,000
    8,    9, 2010,   12,   40,   28, -33,922 -72,454  41,000   4,200   1,000    ,000   7,000
    8,    9, 2010,   11,    3,   24, -34,851 -71,794  46,200   4,200   1,000    ,000   7,000
    8,    9, 2010,   10,   47,   26, -18,391 -68,486  42,500   5,100   1,000    ,000   7,000
    8,    9, 2010,    8,    1,    2, -22,967 -67,123 252,800   4,400   1,000    ,000   7,000
    8,    9, 2010,    6,   13,   47, -34,778 -72,339  15,200   3,400   1,000    ,000   7,000
    8,    9, 2010,    2,   33,   38, -35,825 -72,855  63,900   4,000   1,000    ,000   7,000
    8,    9, 2010,    1,   36,   41, -20,222 -69,266  93,500   3,500   1,000    ,000   7,000
    8,    9, 2010,    1,   31,   33, -35,333 -72,431  22,800   3,300   1,000    ,000   7,000
    7,    9, 2010,   21,   30,   19, -34,764 -71,903  25,700   4,000   1,000    ,000   7,000
    7,    9, 2010,   19,   33,   47, -36,005 -72,763  28,800   4,100   1,000    ,000   7,000
    7,    9, 2010,   18,   36,   20, -34,783 -71,872  38,000   3,400   1,000    ,000   7,000
    7,    9, 2010,   17,    0,    6, -35,680 -73,777  16,700   4,000   1,000    ,000   7,000
    7,    9, 2010,   15,   53,   41, -24,057 -67,638 227,600   3,700   1,000    ,000   7,000
    7,    9, 2010,   14,   28,   35, -33,713 -70,261 107,500   3,900   1,000    ,000   7,000
    7,    9, 2010,   11,   34,   43, -32,281 -70,541  93,600   3,100   1,000    ,000   7,000
    7,    9, 2010,    9,   36,   27, -33,918 -71,914  31,500   3,200   1,000    ,000   7,000
    7,    9, 2010,    5,   55,    7, -34,543 -71,820  13,100   2,600   1,000    ,000   7,000
    7,    9, 2010,    4,   53,   56, -35,223 -72,222  25,000   4,000   1,000    ,000   7,000
    7,    9, 2010,    3,   39,   49, -37,648 -74,002  34,600   4,700   1,000    ,000   7,000
    7,    9, 2010,    3,   10,   26, -33,506 -70,612  83,400   3,000   1,000    ,000   7,000
    7,    9, 2010,    2,   30,   28, -23,010 -69,023  98,400   3,900   1,000    ,000   7,000
    7,    9, 2010,    1,    4,   54, -34,856 -72,647  16,900   3,400   1,000    ,000   7,000
    6,    9, 2010,   15,   31,   12, -19,641 -70,147  79,200   3,100   1,000    ,000   7,000
    6,    9, 2010,   14,    9,   34, -20,811 -67,729 214,900   3,500   1,000    ,000   7,000
    6,    9, 2010,   13,   29,   58, -21,126 -68,784 144,500   3,200   1,000    ,000   7,000
    6,    9, 2010,   10,   33,    5, -22,571 -66,695 278,300   4,000   1,000    ,000   7,000
    6,    9, 2010,    8,   18,   23, -34,559 -72,185  15,000   3,500   1,000    ,000   7,000
    6,    9, 2010,    6,   47,   45, -35,322 -70,491  13,400   5,200   1,000    ,000   7,000
    6,    9, 2010,    6,   47,   38, -34,855 -71,793  46,300   4,000   1,000    ,000   7,000
    6,    9, 2010,    4,    5,   20, -21,198 -70,194  40,400   3,000   1,000    ,000   7,000
    6,    9, 2010,    1,    0,   55, -34,183 -70,965  85,300   3,000   1,000    ,000   7,000
    5,    9, 2010,   23,   50,   52, -37,409 -73,696  26,900   4,300   1,000    ,000   7,000
    5,    9, 2010,   23,   36,   32, -37,571 -73,462   9,600   4,700   1,000    ,000   7,000
    5,    9, 2010,   23,   20,   46, -37,486 -73,575  17,000   5,400   1,000    ,000   7,000
    5,    9, 2010,   19,    8,   37, -22,257 -68,721 120,400   4,000   1,000    ,000   7,000
    5,    9, 2010,   17,   31,   58, -35,680 -72,449  42,100   4,200   1,000    ,000   7,000
    5,    9, 2010,   15,   16,   22, -20,108 -69,836  64,300   3,300   1,000    ,000   7,000
    5,    9, 2010,   13,   58,    3, -33,805 -72,129  14,200   3,500   1,000    ,000   7,000
    5,    9, 2010,   12,   41,   52, -34,779 -71,711  43,600   3,000   1,000    ,000   7,000
    5,    9, 2010,   12,   27,   29, -34,527 -72,205  29,800   3,100   1,000    ,000   7,000
    5,    9, 2010,   11,   34,   39, -34,524 -72,101  16,100   3,200   1,000    ,000   7,000
    5,    9, 2010,   10,   15,   27, -33,958 -70,506 100,700   3,000   1,000    ,000   7,000
    5,    9, 2010,   10,   12,   16, -21,543 -68,665 141,300   3,300   1,000    ,000   7,000
    5,    9, 2010,    9,   15,   24, -36,153 -73,070  24,500   4,300   1,000    ,000   7,000
    5,    9, 2010,    8,   42,   54, -36,075 -72,652   2,900   3,900   1,000    ,000   7,000
    5,    9, 2010,    6,   10,   33, -19,973 -70,381 102,400   4,000   1,000    ,000   7,000
    5,    9, 2010,    4,   23,   48, -19,944 -70,838  19,200   3,900   1,000    ,000   7,000
    5,    9, 2010,    2,   19,   49, -31,787 -70,867 111,200   3,300   1,000    ,000   7,000
    4,    9, 2010,   22,   49,   12, -33,464 -71,899  13,500   3,200   1,000    ,000   7,000
    4,    9, 2010,   17,   46,   56, -23,840 -67,662 225,300   4,200   1,000    ,000   7,000
    4,    9, 2010,   15,   19,    2, -22,568 -69,179 112,500   4,100   1,000    ,000   7,000
    4,    9, 2010,   10,   44,   19, -22,608 -68,769 106,500   3,700   1,000    ,000   7,000
    4,    9, 2010,    8,    8,   13, -34,692 -72,063  25,100   3,100   1,000    ,000   7,000
    4,    9, 2010,    5,   32,   18, -34,867 -71,537  65,500   3,400   1,000    ,000   7,000
    3,    9, 2010,   23,   47,   43, -22,741 -67,467 220,800   4,800   1,000    ,000   7,000
    3,    9, 2010,   21,    6,   34, -36,641 -73,402  44,400   4,800   1,000    ,000   7,000
    3,    9, 2010,   21,    1,   29, -33,610 -71,996   6,300   3,600   1,000    ,000   7,000
    3,    9, 2010,   19,   42,   41, -36,702 -73,154  39,600   4,700   1,000    ,000   7,000
    3,    9, 2010,   19,   21,   39, -35,667 -73,292    ,000   3,900   1,000    ,000   7,000
    3,    9, 2010,   18,   45,    7, -24,020 -67,468 226,600   4,500   1,000    ,000   7,000
    3,    9, 2010,   18,   22,   46, -36,631 -73,319  28,900   4,900   1,000    ,000   7,000
    3,    9, 2010,   18,   12,   38, -31,516 -68,730 156,300   5,100   1,000    ,000   7,000
    3,    9, 2010,   15,   38,   25, -34,497 -72,013  15,100   2,700   1,000    ,000   7,000
    3,    9, 2010,   11,   16,   44, -30,692 -71,604  46,100   4,700   1,000    ,000   7,000
    3,    9, 2010,   11,    8,   10, -21,658 -69,252  83,600   3,200   1,000    ,000   7,000
    3,    9, 2010,   10,   56,   36, -35,119 -71,867  44,900   3,200   1,000    ,000   7,000
    3,    9, 2010,    4,   18,   28, -20,942 -69,173 223,600   3,100   1,000    ,000   7,000
    3,    9, 2010,    0,    8,   45, -36,292 -73,589  39,700   4,100   1,000    ,000   7,000
    2,    9, 2010,   23,   49,   13, -36,882 -72,749  30,200   4,200   1,000    ,000   7,000
    2,    9, 2010,   22,   17,   30, -31,667 -68,754 113,200   3,900   1,000    ,000   7,000
    2,    9, 2010,   19,   35,    8, -34,756 -71,801  35,500   3,600   1,000    ,000   7,000
    2,    9, 2010,   14,    6,    5, -34,779 -71,791  36,500   3,400   1,000    ,000   7,000
    2,    9, 2010,   13,   56,    2, -34,084 -72,235  35,100   3,300   1,000    ,000   7,000
    2,    9, 2010,   13,   32,   46, -23,340 -67,173 225,000   3,500   1,000    ,000   7,000
    2,    9, 2010,    4,   55,   48, -34,787 -71,871  35,400   3,800   1,000    ,000   7,000
    2,    9, 2010,    3,   26,   30, -34,841 -71,972  37,600   3,000   1,000    ,000   7,000
    2,    9, 2010,    2,   48,    2, -35,353 -71,301  89,700   3,200   1,000    ,000   7,000
    2,    9, 2010,    1,   59,    8, -35,161 -72,296  23,000   3,600   1,000    ,000   7,000
    2,    9, 2010,    0,   27,   37, -20,664 -69,041  93,600   3,400   1,000    ,000   7,000
    1,    9, 2010,   20,   29,   37, -34,673 -71,929  25,800   3,300   1,000    ,000   7,000
    1,    9, 2010,   20,   28,   16, -20,560 -68,973 120,900   4,200   1,000    ,000   7,000
    1,    9, 2010,   20,    9,   29, -33,801 -71,934   8,600   3,100   1,000    ,000   7,000
    1,    9, 2010,   19,   46,   18, -33,930 -71,463  14,900   4,700   1,000    ,000   7,000
    1,    9, 2010,   18,   25,   25, -33,975 -72,130  15,000   3,300   1,000    ,000   7,000
    1,    9, 2010,   15,   29,   54, -33,853 -71,852  13,600   3,700   1,000    ,000   7,000
    1,    9, 2010,   14,   45,   23, -34,171 -71,735  40,300   3,000   1,000    ,000   7,000
    1,    9, 2010,   14,    3,   29, -34,852 -72,288  12,300   4,400   1,000    ,000   7,000
    1,    9, 2010,   13,   24,   32, -22,830 -68,860  89,800   5,200   1,000    ,000   7,000
    1,    9, 2010,   13,    8,   53, -36,830 -73,086  29,600   4,000   1,000    ,000   7,000
    1,    9, 2010,    5,   42,   57, -36,052 -72,711  35,000   3,400   1,000    ,000   7,000
    1,    9, 2010,    4,   52,    4, -34,792 -73,822  19,000   4,300   1,000    ,000   7,000
    1,    9, 2010,    3,   53,   36, -33,314 -70,540 101,900   3,100   1,000    ,000   7,000
    1,    9, 2010,    2,   22,    5, -33,926 -72,390   9,400   4,300   1,000    ,000   7,000
    1,    9, 2010,    1,   20,   59, -20,397 -69,081 112,700   4,800   1,000    ,000   7,000
